{
 "cells": [
  {
   "cell_type": "code",
   "execution_count": 7,
   "metadata": {},
   "outputs": [],
   "source": [
    "import pandas as pd"
   ]
  },
  {
   "cell_type": "code",
   "execution_count": 8,
   "metadata": {},
   "outputs": [],
   "source": [
    "d20_21 = pd.read_excel('DATOS HISTÓRICOS 2020_2021_TODAS ESTACIONES.xlsx', sheet_name='SURESTE3')\n",
    "d22_23 = pd.read_excel('DATOS HISTÓRICOS 2022_2023_TODAS ESTACIONES.xlsx', sheet_name='SURESTE3')\n",
    "df = pd.concat([d20_21,d22_23])"
   ]
  },
  {
   "cell_type": "code",
   "execution_count": 9,
   "metadata": {},
   "outputs": [
    {
     "data": {
      "text/html": [
       "<div>\n",
       "<style scoped>\n",
       "    .dataframe tbody tr th:only-of-type {\n",
       "        vertical-align: middle;\n",
       "    }\n",
       "\n",
       "    .dataframe tbody tr th {\n",
       "        vertical-align: top;\n",
       "    }\n",
       "\n",
       "    .dataframe thead th {\n",
       "        text-align: right;\n",
       "    }\n",
       "</style>\n",
       "<table border=\"1\" class=\"dataframe\">\n",
       "  <thead>\n",
       "    <tr style=\"text-align: right;\">\n",
       "      <th></th>\n",
       "      <th>date</th>\n",
       "      <th>CO</th>\n",
       "      <th>NO</th>\n",
       "      <th>NO2</th>\n",
       "      <th>NOX</th>\n",
       "      <th>O3</th>\n",
       "      <th>PM10</th>\n",
       "      <th>PM2.5</th>\n",
       "      <th>PRS</th>\n",
       "      <th>RAINF</th>\n",
       "      <th>RH</th>\n",
       "      <th>SO2</th>\n",
       "      <th>SR</th>\n",
       "      <th>TOUT</th>\n",
       "      <th>WSR</th>\n",
       "      <th>WDR</th>\n",
       "    </tr>\n",
       "  </thead>\n",
       "  <tbody>\n",
       "    <tr>\n",
       "      <th>0</th>\n",
       "      <td>0.0</td>\n",
       "      <td>NaN</td>\n",
       "      <td>NaN</td>\n",
       "      <td>NaN</td>\n",
       "      <td>NaN</td>\n",
       "      <td>NaN</td>\n",
       "      <td>37.0</td>\n",
       "      <td>18.0</td>\n",
       "      <td>NaN</td>\n",
       "      <td>NaN</td>\n",
       "      <td>NaN</td>\n",
       "      <td>NaN</td>\n",
       "      <td>0.000</td>\n",
       "      <td>NaN</td>\n",
       "      <td>NaN</td>\n",
       "      <td>NaN</td>\n",
       "    </tr>\n",
       "    <tr>\n",
       "      <th>1</th>\n",
       "      <td>1.0</td>\n",
       "      <td>1.88</td>\n",
       "      <td>2.0</td>\n",
       "      <td>5.2</td>\n",
       "      <td>7.2</td>\n",
       "      <td>25.0</td>\n",
       "      <td>37.0</td>\n",
       "      <td>28.0</td>\n",
       "      <td>734.2</td>\n",
       "      <td>0.01</td>\n",
       "      <td>93.0</td>\n",
       "      <td>NaN</td>\n",
       "      <td>0.037</td>\n",
       "      <td>11.68</td>\n",
       "      <td>1.7</td>\n",
       "      <td>98.0</td>\n",
       "    </tr>\n",
       "    <tr>\n",
       "      <th>2</th>\n",
       "      <td>2.0</td>\n",
       "      <td>1.86</td>\n",
       "      <td>2.6</td>\n",
       "      <td>5.0</td>\n",
       "      <td>7.6</td>\n",
       "      <td>22.0</td>\n",
       "      <td>55.0</td>\n",
       "      <td>28.0</td>\n",
       "      <td>733.8</td>\n",
       "      <td>0.02</td>\n",
       "      <td>93.0</td>\n",
       "      <td>NaN</td>\n",
       "      <td>0.037</td>\n",
       "      <td>11.68</td>\n",
       "      <td>1.6</td>\n",
       "      <td>133.0</td>\n",
       "    </tr>\n",
       "    <tr>\n",
       "      <th>3</th>\n",
       "      <td>3.0</td>\n",
       "      <td>1.78</td>\n",
       "      <td>3.1</td>\n",
       "      <td>5.9</td>\n",
       "      <td>8.9</td>\n",
       "      <td>21.0</td>\n",
       "      <td>35.0</td>\n",
       "      <td>11.0</td>\n",
       "      <td>733.0</td>\n",
       "      <td>0.00</td>\n",
       "      <td>93.0</td>\n",
       "      <td>NaN</td>\n",
       "      <td>0.037</td>\n",
       "      <td>11.70</td>\n",
       "      <td>1.5</td>\n",
       "      <td>198.0</td>\n",
       "    </tr>\n",
       "    <tr>\n",
       "      <th>4</th>\n",
       "      <td>4.0</td>\n",
       "      <td>1.76</td>\n",
       "      <td>2.0</td>\n",
       "      <td>4.5</td>\n",
       "      <td>6.5</td>\n",
       "      <td>22.0</td>\n",
       "      <td>27.0</td>\n",
       "      <td>NaN</td>\n",
       "      <td>732.8</td>\n",
       "      <td>0.02</td>\n",
       "      <td>93.0</td>\n",
       "      <td>NaN</td>\n",
       "      <td>0.037</td>\n",
       "      <td>11.80</td>\n",
       "      <td>0.7</td>\n",
       "      <td>240.0</td>\n",
       "    </tr>\n",
       "  </tbody>\n",
       "</table>\n",
       "</div>"
      ],
      "text/plain": [
       "   date    CO   NO  NO2  NOX    O3  PM10  PM2.5    PRS  RAINF    RH  SO2  \\\n",
       "0   0.0   NaN  NaN  NaN  NaN   NaN  37.0   18.0    NaN    NaN   NaN  NaN   \n",
       "1   1.0  1.88  2.0  5.2  7.2  25.0  37.0   28.0  734.2   0.01  93.0  NaN   \n",
       "2   2.0  1.86  2.6  5.0  7.6  22.0  55.0   28.0  733.8   0.02  93.0  NaN   \n",
       "3   3.0  1.78  3.1  5.9  8.9  21.0  35.0   11.0  733.0   0.00  93.0  NaN   \n",
       "4   4.0  1.76  2.0  4.5  6.5  22.0  27.0    NaN  732.8   0.02  93.0  NaN   \n",
       "\n",
       "      SR   TOUT  WSR    WDR  \n",
       "0  0.000    NaN  NaN    NaN  \n",
       "1  0.037  11.68  1.7   98.0  \n",
       "2  0.037  11.68  1.6  133.0  \n",
       "3  0.037  11.70  1.5  198.0  \n",
       "4  0.037  11.80  0.7  240.0  "
      ]
     },
     "execution_count": 9,
     "metadata": {},
     "output_type": "execute_result"
    }
   ],
   "source": [
    "df['date'] = pd.to_datetime(df['date'])\n",
    "df[\"date\"] = (df[\"date\"] - df.iloc[0,0]).apply(lambda x: x.value/3.6e+12)\n",
    "df.head()"
   ]
  },
  {
   "cell_type": "code",
   "execution_count": 10,
   "metadata": {},
   "outputs": [],
   "source": [
    "from sklearn.impute import KNNImputer as imputer\n",
    "k = imputer(n_neighbors=4)\n",
    "datos = k.fit_transform((df.iloc[:, :]).to_numpy())"
   ]
  },
  {
   "cell_type": "code",
   "execution_count": 11,
   "metadata": {},
   "outputs": [
    {
     "data": {
      "text/html": [
       "<div>\n",
       "<style scoped>\n",
       "    .dataframe tbody tr th:only-of-type {\n",
       "        vertical-align: middle;\n",
       "    }\n",
       "\n",
       "    .dataframe tbody tr th {\n",
       "        vertical-align: top;\n",
       "    }\n",
       "\n",
       "    .dataframe thead th {\n",
       "        text-align: right;\n",
       "    }\n",
       "</style>\n",
       "<table border=\"1\" class=\"dataframe\">\n",
       "  <thead>\n",
       "    <tr style=\"text-align: right;\">\n",
       "      <th></th>\n",
       "      <th>date</th>\n",
       "      <th>CO</th>\n",
       "      <th>NO</th>\n",
       "      <th>NO2</th>\n",
       "      <th>NOX</th>\n",
       "      <th>O3</th>\n",
       "      <th>PM10</th>\n",
       "      <th>PM2.5</th>\n",
       "      <th>PRS</th>\n",
       "      <th>RAINF</th>\n",
       "      <th>RH</th>\n",
       "      <th>SO2</th>\n",
       "      <th>SR</th>\n",
       "      <th>TOUT</th>\n",
       "      <th>WSR</th>\n",
       "      <th>WDR</th>\n",
       "    </tr>\n",
       "  </thead>\n",
       "  <tbody>\n",
       "    <tr>\n",
       "      <th>0</th>\n",
       "      <td>0.0</td>\n",
       "      <td>1.8775</td>\n",
       "      <td>4.3</td>\n",
       "      <td>6.375</td>\n",
       "      <td>10.625</td>\n",
       "      <td>19.25</td>\n",
       "      <td>37.0</td>\n",
       "      <td>18.00</td>\n",
       "      <td>733.025</td>\n",
       "      <td>0.015</td>\n",
       "      <td>92.75</td>\n",
       "      <td>0.850</td>\n",
       "      <td>0.000</td>\n",
       "      <td>12.2675</td>\n",
       "      <td>1.325</td>\n",
       "      <td>207.25</td>\n",
       "    </tr>\n",
       "    <tr>\n",
       "      <th>1</th>\n",
       "      <td>1.0</td>\n",
       "      <td>1.8800</td>\n",
       "      <td>2.0</td>\n",
       "      <td>5.200</td>\n",
       "      <td>7.200</td>\n",
       "      <td>25.00</td>\n",
       "      <td>37.0</td>\n",
       "      <td>28.00</td>\n",
       "      <td>734.200</td>\n",
       "      <td>0.010</td>\n",
       "      <td>93.00</td>\n",
       "      <td>1.775</td>\n",
       "      <td>0.037</td>\n",
       "      <td>11.6800</td>\n",
       "      <td>1.700</td>\n",
       "      <td>98.00</td>\n",
       "    </tr>\n",
       "    <tr>\n",
       "      <th>2</th>\n",
       "      <td>2.0</td>\n",
       "      <td>1.8600</td>\n",
       "      <td>2.6</td>\n",
       "      <td>5.000</td>\n",
       "      <td>7.600</td>\n",
       "      <td>22.00</td>\n",
       "      <td>55.0</td>\n",
       "      <td>28.00</td>\n",
       "      <td>733.800</td>\n",
       "      <td>0.020</td>\n",
       "      <td>93.00</td>\n",
       "      <td>0.750</td>\n",
       "      <td>0.037</td>\n",
       "      <td>11.6800</td>\n",
       "      <td>1.600</td>\n",
       "      <td>133.00</td>\n",
       "    </tr>\n",
       "    <tr>\n",
       "      <th>3</th>\n",
       "      <td>3.0</td>\n",
       "      <td>1.7800</td>\n",
       "      <td>3.1</td>\n",
       "      <td>5.900</td>\n",
       "      <td>8.900</td>\n",
       "      <td>21.00</td>\n",
       "      <td>35.0</td>\n",
       "      <td>11.00</td>\n",
       "      <td>733.000</td>\n",
       "      <td>0.000</td>\n",
       "      <td>93.00</td>\n",
       "      <td>0.725</td>\n",
       "      <td>0.037</td>\n",
       "      <td>11.7000</td>\n",
       "      <td>1.500</td>\n",
       "      <td>198.00</td>\n",
       "    </tr>\n",
       "    <tr>\n",
       "      <th>4</th>\n",
       "      <td>4.0</td>\n",
       "      <td>1.7600</td>\n",
       "      <td>2.0</td>\n",
       "      <td>4.500</td>\n",
       "      <td>6.500</td>\n",
       "      <td>22.00</td>\n",
       "      <td>27.0</td>\n",
       "      <td>10.25</td>\n",
       "      <td>732.800</td>\n",
       "      <td>0.020</td>\n",
       "      <td>93.00</td>\n",
       "      <td>0.775</td>\n",
       "      <td>0.037</td>\n",
       "      <td>11.8000</td>\n",
       "      <td>0.700</td>\n",
       "      <td>240.00</td>\n",
       "    </tr>\n",
       "    <tr>\n",
       "      <th>...</th>\n",
       "      <td>...</td>\n",
       "      <td>...</td>\n",
       "      <td>...</td>\n",
       "      <td>...</td>\n",
       "      <td>...</td>\n",
       "      <td>...</td>\n",
       "      <td>...</td>\n",
       "      <td>...</td>\n",
       "      <td>...</td>\n",
       "      <td>...</td>\n",
       "      <td>...</td>\n",
       "      <td>...</td>\n",
       "      <td>...</td>\n",
       "      <td>...</td>\n",
       "      <td>...</td>\n",
       "      <td>...</td>\n",
       "    </tr>\n",
       "    <tr>\n",
       "      <th>31785</th>\n",
       "      <td>31795.0</td>\n",
       "      <td>0.7600</td>\n",
       "      <td>3.2</td>\n",
       "      <td>6.900</td>\n",
       "      <td>9.900</td>\n",
       "      <td>36.00</td>\n",
       "      <td>107.0</td>\n",
       "      <td>15.00</td>\n",
       "      <td>727.800</td>\n",
       "      <td>0.000</td>\n",
       "      <td>19.00</td>\n",
       "      <td>3.600</td>\n",
       "      <td>0.079</td>\n",
       "      <td>38.1800</td>\n",
       "      <td>12.700</td>\n",
       "      <td>54.00</td>\n",
       "    </tr>\n",
       "    <tr>\n",
       "      <th>31786</th>\n",
       "      <td>31796.0</td>\n",
       "      <td>0.7100</td>\n",
       "      <td>2.6</td>\n",
       "      <td>11.300</td>\n",
       "      <td>13.700</td>\n",
       "      <td>29.00</td>\n",
       "      <td>60.0</td>\n",
       "      <td>9.00</td>\n",
       "      <td>728.300</td>\n",
       "      <td>0.000</td>\n",
       "      <td>23.00</td>\n",
       "      <td>3.600</td>\n",
       "      <td>0.003</td>\n",
       "      <td>36.3800</td>\n",
       "      <td>8.900</td>\n",
       "      <td>50.00</td>\n",
       "    </tr>\n",
       "    <tr>\n",
       "      <th>31787</th>\n",
       "      <td>31797.0</td>\n",
       "      <td>0.7200</td>\n",
       "      <td>2.9</td>\n",
       "      <td>10.800</td>\n",
       "      <td>13.500</td>\n",
       "      <td>26.00</td>\n",
       "      <td>74.0</td>\n",
       "      <td>3.00</td>\n",
       "      <td>728.700</td>\n",
       "      <td>0.000</td>\n",
       "      <td>26.00</td>\n",
       "      <td>3.700</td>\n",
       "      <td>0.001</td>\n",
       "      <td>35.1000</td>\n",
       "      <td>10.500</td>\n",
       "      <td>56.00</td>\n",
       "    </tr>\n",
       "    <tr>\n",
       "      <th>31788</th>\n",
       "      <td>31798.0</td>\n",
       "      <td>0.6800</td>\n",
       "      <td>3.0</td>\n",
       "      <td>10.100</td>\n",
       "      <td>12.800</td>\n",
       "      <td>25.00</td>\n",
       "      <td>112.0</td>\n",
       "      <td>2.00</td>\n",
       "      <td>729.400</td>\n",
       "      <td>0.000</td>\n",
       "      <td>40.00</td>\n",
       "      <td>15.300</td>\n",
       "      <td>0.001</td>\n",
       "      <td>33.6000</td>\n",
       "      <td>16.900</td>\n",
       "      <td>86.00</td>\n",
       "    </tr>\n",
       "    <tr>\n",
       "      <th>31789</th>\n",
       "      <td>31799.0</td>\n",
       "      <td>0.6900</td>\n",
       "      <td>2.8</td>\n",
       "      <td>6.100</td>\n",
       "      <td>8.700</td>\n",
       "      <td>28.00</td>\n",
       "      <td>115.0</td>\n",
       "      <td>9.00</td>\n",
       "      <td>730.100</td>\n",
       "      <td>0.000</td>\n",
       "      <td>43.00</td>\n",
       "      <td>24.500</td>\n",
       "      <td>0.001</td>\n",
       "      <td>32.4200</td>\n",
       "      <td>14.500</td>\n",
       "      <td>94.00</td>\n",
       "    </tr>\n",
       "  </tbody>\n",
       "</table>\n",
       "<p>31790 rows × 16 columns</p>\n",
       "</div>"
      ],
      "text/plain": [
       "          date      CO   NO     NO2     NOX     O3   PM10  PM2.5      PRS  \\\n",
       "0          0.0  1.8775  4.3   6.375  10.625  19.25   37.0  18.00  733.025   \n",
       "1          1.0  1.8800  2.0   5.200   7.200  25.00   37.0  28.00  734.200   \n",
       "2          2.0  1.8600  2.6   5.000   7.600  22.00   55.0  28.00  733.800   \n",
       "3          3.0  1.7800  3.1   5.900   8.900  21.00   35.0  11.00  733.000   \n",
       "4          4.0  1.7600  2.0   4.500   6.500  22.00   27.0  10.25  732.800   \n",
       "...        ...     ...  ...     ...     ...    ...    ...    ...      ...   \n",
       "31785  31795.0  0.7600  3.2   6.900   9.900  36.00  107.0  15.00  727.800   \n",
       "31786  31796.0  0.7100  2.6  11.300  13.700  29.00   60.0   9.00  728.300   \n",
       "31787  31797.0  0.7200  2.9  10.800  13.500  26.00   74.0   3.00  728.700   \n",
       "31788  31798.0  0.6800  3.0  10.100  12.800  25.00  112.0   2.00  729.400   \n",
       "31789  31799.0  0.6900  2.8   6.100   8.700  28.00  115.0   9.00  730.100   \n",
       "\n",
       "       RAINF     RH     SO2     SR     TOUT     WSR     WDR  \n",
       "0      0.015  92.75   0.850  0.000  12.2675   1.325  207.25  \n",
       "1      0.010  93.00   1.775  0.037  11.6800   1.700   98.00  \n",
       "2      0.020  93.00   0.750  0.037  11.6800   1.600  133.00  \n",
       "3      0.000  93.00   0.725  0.037  11.7000   1.500  198.00  \n",
       "4      0.020  93.00   0.775  0.037  11.8000   0.700  240.00  \n",
       "...      ...    ...     ...    ...      ...     ...     ...  \n",
       "31785  0.000  19.00   3.600  0.079  38.1800  12.700   54.00  \n",
       "31786  0.000  23.00   3.600  0.003  36.3800   8.900   50.00  \n",
       "31787  0.000  26.00   3.700  0.001  35.1000  10.500   56.00  \n",
       "31788  0.000  40.00  15.300  0.001  33.6000  16.900   86.00  \n",
       "31789  0.000  43.00  24.500  0.001  32.4200  14.500   94.00  \n",
       "\n",
       "[31790 rows x 16 columns]"
      ]
     },
     "execution_count": 11,
     "metadata": {},
     "output_type": "execute_result"
    }
   ],
   "source": [
    "limpios = pd.DataFrame(datos, columns=df.columns)\n",
    "limpios"
   ]
  },
  {
   "cell_type": "code",
   "execution_count": 12,
   "metadata": {},
   "outputs": [],
   "source": [
    "intervalos={\n",
    "    \"SO2\":[0.008, 0.11, 0.165, 0.22],\n",
    "    \"NO2\":[8.75, 11, 13.3, 15.5],\n",
    "    \"etiqueta\": [\"bueno\", \"aceptable\", \"mala\", \"muy mala\"]\n",
    "}\n",
    "def change(val, col):\n",
    "    if val< intervalos[col][0]:\n",
    "        return \"bueno\"\n",
    "    if val< intervalos[col][1]:\n",
    "        return \"aceptable\"\n",
    "    if val< intervalos[col][2]:\n",
    "        return \"mala\"\n",
    "    if val< intervalos[col][3]:\n",
    "        return \"muy mala\"\n",
    "    return \"Extremadamente mala\""
   ]
  },
  {
   "cell_type": "code",
   "execution_count": 13,
   "metadata": {},
   "outputs": [],
   "source": [
    "limpios[\"NO2_discret\"] = limpios[\"NO2\"].apply(lambda x: change(x, \"NO2\"))\n",
    "limpios[\"SO2_discret\"] = (limpios[\"SO2\"]*0.001).apply(lambda x: change(x, \"SO2\"))"
   ]
  },
  {
   "cell_type": "code",
   "execution_count": 14,
   "metadata": {},
   "outputs": [],
   "source": [
    "limpios[\"SO2_pm\"] = limpios[\"SO2\"]*0.001"
   ]
  },
  {
   "cell_type": "code",
   "execution_count": 15,
   "metadata": {},
   "outputs": [
    {
     "data": {
      "text/html": [
       "<div>\n",
       "<style scoped>\n",
       "    .dataframe tbody tr th:only-of-type {\n",
       "        vertical-align: middle;\n",
       "    }\n",
       "\n",
       "    .dataframe tbody tr th {\n",
       "        vertical-align: top;\n",
       "    }\n",
       "\n",
       "    .dataframe thead th {\n",
       "        text-align: right;\n",
       "    }\n",
       "</style>\n",
       "<table border=\"1\" class=\"dataframe\">\n",
       "  <thead>\n",
       "    <tr style=\"text-align: right;\">\n",
       "      <th></th>\n",
       "      <th>date</th>\n",
       "      <th>CO</th>\n",
       "      <th>NO</th>\n",
       "      <th>NO2</th>\n",
       "      <th>NOX</th>\n",
       "      <th>O3</th>\n",
       "      <th>PM10</th>\n",
       "      <th>PM2.5</th>\n",
       "      <th>PRS</th>\n",
       "      <th>RAINF</th>\n",
       "      <th>RH</th>\n",
       "      <th>SO2</th>\n",
       "      <th>SR</th>\n",
       "      <th>TOUT</th>\n",
       "      <th>WSR</th>\n",
       "      <th>WDR</th>\n",
       "      <th>NO2_discret</th>\n",
       "      <th>SO2_discret</th>\n",
       "      <th>SO2_pm</th>\n",
       "    </tr>\n",
       "  </thead>\n",
       "  <tbody>\n",
       "    <tr>\n",
       "      <th>0</th>\n",
       "      <td>0.0</td>\n",
       "      <td>1.8775</td>\n",
       "      <td>4.3</td>\n",
       "      <td>6.375</td>\n",
       "      <td>10.625</td>\n",
       "      <td>19.25</td>\n",
       "      <td>37.0</td>\n",
       "      <td>18.00</td>\n",
       "      <td>733.025</td>\n",
       "      <td>0.015</td>\n",
       "      <td>92.75</td>\n",
       "      <td>0.850</td>\n",
       "      <td>0.000</td>\n",
       "      <td>12.2675</td>\n",
       "      <td>1.325</td>\n",
       "      <td>207.25</td>\n",
       "      <td>bueno</td>\n",
       "      <td>bueno</td>\n",
       "      <td>0.000850</td>\n",
       "    </tr>\n",
       "    <tr>\n",
       "      <th>1</th>\n",
       "      <td>1.0</td>\n",
       "      <td>1.8800</td>\n",
       "      <td>2.0</td>\n",
       "      <td>5.200</td>\n",
       "      <td>7.200</td>\n",
       "      <td>25.00</td>\n",
       "      <td>37.0</td>\n",
       "      <td>28.00</td>\n",
       "      <td>734.200</td>\n",
       "      <td>0.010</td>\n",
       "      <td>93.00</td>\n",
       "      <td>1.775</td>\n",
       "      <td>0.037</td>\n",
       "      <td>11.6800</td>\n",
       "      <td>1.700</td>\n",
       "      <td>98.00</td>\n",
       "      <td>bueno</td>\n",
       "      <td>bueno</td>\n",
       "      <td>0.001775</td>\n",
       "    </tr>\n",
       "    <tr>\n",
       "      <th>2</th>\n",
       "      <td>2.0</td>\n",
       "      <td>1.8600</td>\n",
       "      <td>2.6</td>\n",
       "      <td>5.000</td>\n",
       "      <td>7.600</td>\n",
       "      <td>22.00</td>\n",
       "      <td>55.0</td>\n",
       "      <td>28.00</td>\n",
       "      <td>733.800</td>\n",
       "      <td>0.020</td>\n",
       "      <td>93.00</td>\n",
       "      <td>0.750</td>\n",
       "      <td>0.037</td>\n",
       "      <td>11.6800</td>\n",
       "      <td>1.600</td>\n",
       "      <td>133.00</td>\n",
       "      <td>bueno</td>\n",
       "      <td>bueno</td>\n",
       "      <td>0.000750</td>\n",
       "    </tr>\n",
       "    <tr>\n",
       "      <th>3</th>\n",
       "      <td>3.0</td>\n",
       "      <td>1.7800</td>\n",
       "      <td>3.1</td>\n",
       "      <td>5.900</td>\n",
       "      <td>8.900</td>\n",
       "      <td>21.00</td>\n",
       "      <td>35.0</td>\n",
       "      <td>11.00</td>\n",
       "      <td>733.000</td>\n",
       "      <td>0.000</td>\n",
       "      <td>93.00</td>\n",
       "      <td>0.725</td>\n",
       "      <td>0.037</td>\n",
       "      <td>11.7000</td>\n",
       "      <td>1.500</td>\n",
       "      <td>198.00</td>\n",
       "      <td>bueno</td>\n",
       "      <td>bueno</td>\n",
       "      <td>0.000725</td>\n",
       "    </tr>\n",
       "    <tr>\n",
       "      <th>4</th>\n",
       "      <td>4.0</td>\n",
       "      <td>1.7600</td>\n",
       "      <td>2.0</td>\n",
       "      <td>4.500</td>\n",
       "      <td>6.500</td>\n",
       "      <td>22.00</td>\n",
       "      <td>27.0</td>\n",
       "      <td>10.25</td>\n",
       "      <td>732.800</td>\n",
       "      <td>0.020</td>\n",
       "      <td>93.00</td>\n",
       "      <td>0.775</td>\n",
       "      <td>0.037</td>\n",
       "      <td>11.8000</td>\n",
       "      <td>0.700</td>\n",
       "      <td>240.00</td>\n",
       "      <td>bueno</td>\n",
       "      <td>bueno</td>\n",
       "      <td>0.000775</td>\n",
       "    </tr>\n",
       "  </tbody>\n",
       "</table>\n",
       "</div>"
      ],
      "text/plain": [
       "   date      CO   NO    NO2     NOX     O3  PM10  PM2.5      PRS  RAINF  \\\n",
       "0   0.0  1.8775  4.3  6.375  10.625  19.25  37.0  18.00  733.025  0.015   \n",
       "1   1.0  1.8800  2.0  5.200   7.200  25.00  37.0  28.00  734.200  0.010   \n",
       "2   2.0  1.8600  2.6  5.000   7.600  22.00  55.0  28.00  733.800  0.020   \n",
       "3   3.0  1.7800  3.1  5.900   8.900  21.00  35.0  11.00  733.000  0.000   \n",
       "4   4.0  1.7600  2.0  4.500   6.500  22.00  27.0  10.25  732.800  0.020   \n",
       "\n",
       "      RH    SO2     SR     TOUT    WSR     WDR NO2_discret SO2_discret  \\\n",
       "0  92.75  0.850  0.000  12.2675  1.325  207.25       bueno       bueno   \n",
       "1  93.00  1.775  0.037  11.6800  1.700   98.00       bueno       bueno   \n",
       "2  93.00  0.750  0.037  11.6800  1.600  133.00       bueno       bueno   \n",
       "3  93.00  0.725  0.037  11.7000  1.500  198.00       bueno       bueno   \n",
       "4  93.00  0.775  0.037  11.8000  0.700  240.00       bueno       bueno   \n",
       "\n",
       "     SO2_pm  \n",
       "0  0.000850  \n",
       "1  0.001775  \n",
       "2  0.000750  \n",
       "3  0.000725  \n",
       "4  0.000775  "
      ]
     },
     "execution_count": 15,
     "metadata": {},
     "output_type": "execute_result"
    }
   ],
   "source": [
    "limpios.head()"
   ]
  },
  {
   "cell_type": "code",
   "execution_count": null,
   "metadata": {},
   "outputs": [],
   "source": [
    "limpios.to_csv(\"limpios.csv\")"
   ]
  },
  {
   "cell_type": "code",
   "execution_count": 91,
   "metadata": {},
   "outputs": [
    {
     "data": {
      "text/html": [
       "<div>\n",
       "<style scoped>\n",
       "    .dataframe tbody tr th:only-of-type {\n",
       "        vertical-align: middle;\n",
       "    }\n",
       "\n",
       "    .dataframe tbody tr th {\n",
       "        vertical-align: top;\n",
       "    }\n",
       "\n",
       "    .dataframe thead th {\n",
       "        text-align: right;\n",
       "    }\n",
       "</style>\n",
       "<table border=\"1\" class=\"dataframe\">\n",
       "  <thead>\n",
       "    <tr style=\"text-align: right;\">\n",
       "      <th></th>\n",
       "      <th>date</th>\n",
       "      <th>CO</th>\n",
       "      <th>NO</th>\n",
       "      <th>NO2</th>\n",
       "      <th>NOX</th>\n",
       "      <th>O3</th>\n",
       "      <th>PM10</th>\n",
       "      <th>PM2.5</th>\n",
       "      <th>PRS</th>\n",
       "      <th>RAINF</th>\n",
       "      <th>RH</th>\n",
       "      <th>SO2</th>\n",
       "      <th>SR</th>\n",
       "      <th>TOUT</th>\n",
       "      <th>WSR</th>\n",
       "      <th>WDR</th>\n",
       "    </tr>\n",
       "  </thead>\n",
       "  <tbody>\n",
       "    <tr>\n",
       "      <th>date</th>\n",
       "      <td>1.000000</td>\n",
       "      <td>0.183862</td>\n",
       "      <td>-0.040204</td>\n",
       "      <td>-0.073711</td>\n",
       "      <td>-0.058522</td>\n",
       "      <td>0.000223</td>\n",
       "      <td>0.028239</td>\n",
       "      <td>-0.161744</td>\n",
       "      <td>-0.024713</td>\n",
       "      <td>-0.037902</td>\n",
       "      <td>-0.033343</td>\n",
       "      <td>0.031707</td>\n",
       "      <td>-0.013399</td>\n",
       "      <td>0.077847</td>\n",
       "      <td>0.480175</td>\n",
       "      <td>-0.075846</td>\n",
       "    </tr>\n",
       "    <tr>\n",
       "      <th>CO</th>\n",
       "      <td>0.183862</td>\n",
       "      <td>1.000000</td>\n",
       "      <td>0.472366</td>\n",
       "      <td>0.420951</td>\n",
       "      <td>0.502163</td>\n",
       "      <td>-0.083615</td>\n",
       "      <td>0.315335</td>\n",
       "      <td>0.229979</td>\n",
       "      <td>0.114462</td>\n",
       "      <td>-0.032108</td>\n",
       "      <td>-0.135142</td>\n",
       "      <td>0.098324</td>\n",
       "      <td>-0.100147</td>\n",
       "      <td>-0.256437</td>\n",
       "      <td>-0.014877</td>\n",
       "      <td>0.153326</td>\n",
       "    </tr>\n",
       "    <tr>\n",
       "      <th>NO</th>\n",
       "      <td>-0.040204</td>\n",
       "      <td>0.472366</td>\n",
       "      <td>1.000000</td>\n",
       "      <td>0.585172</td>\n",
       "      <td>0.949906</td>\n",
       "      <td>-0.306059</td>\n",
       "      <td>0.421282</td>\n",
       "      <td>0.420634</td>\n",
       "      <td>0.066432</td>\n",
       "      <td>-0.011287</td>\n",
       "      <td>0.077489</td>\n",
       "      <td>-0.026867</td>\n",
       "      <td>-0.118112</td>\n",
       "      <td>-0.257437</td>\n",
       "      <td>-0.231908</td>\n",
       "      <td>0.266942</td>\n",
       "    </tr>\n",
       "    <tr>\n",
       "      <th>NO2</th>\n",
       "      <td>-0.073711</td>\n",
       "      <td>0.420951</td>\n",
       "      <td>0.585172</td>\n",
       "      <td>1.000000</td>\n",
       "      <td>0.809449</td>\n",
       "      <td>-0.318278</td>\n",
       "      <td>0.493279</td>\n",
       "      <td>0.451070</td>\n",
       "      <td>0.125639</td>\n",
       "      <td>-0.016245</td>\n",
       "      <td>-0.054696</td>\n",
       "      <td>0.032504</td>\n",
       "      <td>-0.240434</td>\n",
       "      <td>-0.339649</td>\n",
       "      <td>-0.373354</td>\n",
       "      <td>0.354549</td>\n",
       "    </tr>\n",
       "    <tr>\n",
       "      <th>NOX</th>\n",
       "      <td>-0.058522</td>\n",
       "      <td>0.502163</td>\n",
       "      <td>0.949906</td>\n",
       "      <td>0.809449</td>\n",
       "      <td>1.000000</td>\n",
       "      <td>-0.346695</td>\n",
       "      <td>0.496905</td>\n",
       "      <td>0.478909</td>\n",
       "      <td>0.096521</td>\n",
       "      <td>-0.014298</td>\n",
       "      <td>0.034811</td>\n",
       "      <td>-0.006446</td>\n",
       "      <td>-0.177031</td>\n",
       "      <td>-0.316463</td>\n",
       "      <td>-0.312107</td>\n",
       "      <td>0.330160</td>\n",
       "    </tr>\n",
       "    <tr>\n",
       "      <th>O3</th>\n",
       "      <td>0.000223</td>\n",
       "      <td>-0.083615</td>\n",
       "      <td>-0.306059</td>\n",
       "      <td>-0.318278</td>\n",
       "      <td>-0.346695</td>\n",
       "      <td>1.000000</td>\n",
       "      <td>-0.068710</td>\n",
       "      <td>-0.045422</td>\n",
       "      <td>-0.129791</td>\n",
       "      <td>0.004513</td>\n",
       "      <td>-0.600172</td>\n",
       "      <td>0.362723</td>\n",
       "      <td>0.613528</td>\n",
       "      <td>0.454509</td>\n",
       "      <td>0.300496</td>\n",
       "      <td>-0.205177</td>\n",
       "    </tr>\n",
       "    <tr>\n",
       "      <th>PM10</th>\n",
       "      <td>0.028239</td>\n",
       "      <td>0.315335</td>\n",
       "      <td>0.421282</td>\n",
       "      <td>0.493279</td>\n",
       "      <td>0.496905</td>\n",
       "      <td>-0.068710</td>\n",
       "      <td>1.000000</td>\n",
       "      <td>0.630802</td>\n",
       "      <td>-0.099364</td>\n",
       "      <td>-0.020684</td>\n",
       "      <td>-0.223537</td>\n",
       "      <td>0.036466</td>\n",
       "      <td>0.005312</td>\n",
       "      <td>0.006087</td>\n",
       "      <td>-0.019841</td>\n",
       "      <td>0.180654</td>\n",
       "    </tr>\n",
       "    <tr>\n",
       "      <th>PM2.5</th>\n",
       "      <td>-0.161744</td>\n",
       "      <td>0.229979</td>\n",
       "      <td>0.420634</td>\n",
       "      <td>0.451070</td>\n",
       "      <td>0.478909</td>\n",
       "      <td>-0.045422</td>\n",
       "      <td>0.630802</td>\n",
       "      <td>1.000000</td>\n",
       "      <td>-0.184703</td>\n",
       "      <td>-0.007621</td>\n",
       "      <td>-0.051354</td>\n",
       "      <td>0.152441</td>\n",
       "      <td>0.064293</td>\n",
       "      <td>0.045099</td>\n",
       "      <td>-0.241614</td>\n",
       "      <td>0.136574</td>\n",
       "    </tr>\n",
       "    <tr>\n",
       "      <th>PRS</th>\n",
       "      <td>-0.024713</td>\n",
       "      <td>0.114462</td>\n",
       "      <td>0.066432</td>\n",
       "      <td>0.125639</td>\n",
       "      <td>0.096521</td>\n",
       "      <td>-0.129791</td>\n",
       "      <td>-0.099364</td>\n",
       "      <td>-0.184703</td>\n",
       "      <td>1.000000</td>\n",
       "      <td>-0.009835</td>\n",
       "      <td>0.102815</td>\n",
       "      <td>-0.015225</td>\n",
       "      <td>-0.112731</td>\n",
       "      <td>-0.595370</td>\n",
       "      <td>-0.115208</td>\n",
       "      <td>0.152231</td>\n",
       "    </tr>\n",
       "    <tr>\n",
       "      <th>RAINF</th>\n",
       "      <td>-0.037902</td>\n",
       "      <td>-0.032108</td>\n",
       "      <td>-0.011287</td>\n",
       "      <td>-0.016245</td>\n",
       "      <td>-0.014298</td>\n",
       "      <td>0.004513</td>\n",
       "      <td>-0.020684</td>\n",
       "      <td>-0.007621</td>\n",
       "      <td>-0.009835</td>\n",
       "      <td>1.000000</td>\n",
       "      <td>0.045524</td>\n",
       "      <td>-0.013940</td>\n",
       "      <td>-0.020433</td>\n",
       "      <td>-0.007823</td>\n",
       "      <td>-0.010265</td>\n",
       "      <td>0.000906</td>\n",
       "    </tr>\n",
       "    <tr>\n",
       "      <th>RH</th>\n",
       "      <td>-0.033343</td>\n",
       "      <td>-0.135142</td>\n",
       "      <td>0.077489</td>\n",
       "      <td>-0.054696</td>\n",
       "      <td>0.034811</td>\n",
       "      <td>-0.600172</td>\n",
       "      <td>-0.223537</td>\n",
       "      <td>-0.051354</td>\n",
       "      <td>0.102815</td>\n",
       "      <td>0.045524</td>\n",
       "      <td>1.000000</td>\n",
       "      <td>-0.205150</td>\n",
       "      <td>-0.471847</td>\n",
       "      <td>-0.462820</td>\n",
       "      <td>-0.312341</td>\n",
       "      <td>0.075463</td>\n",
       "    </tr>\n",
       "    <tr>\n",
       "      <th>SO2</th>\n",
       "      <td>0.031707</td>\n",
       "      <td>0.098324</td>\n",
       "      <td>-0.026867</td>\n",
       "      <td>0.032504</td>\n",
       "      <td>-0.006446</td>\n",
       "      <td>0.362723</td>\n",
       "      <td>0.036466</td>\n",
       "      <td>0.152441</td>\n",
       "      <td>-0.015225</td>\n",
       "      <td>-0.013940</td>\n",
       "      <td>-0.205150</td>\n",
       "      <td>1.000000</td>\n",
       "      <td>0.296512</td>\n",
       "      <td>0.143519</td>\n",
       "      <td>0.052371</td>\n",
       "      <td>-0.085645</td>\n",
       "    </tr>\n",
       "    <tr>\n",
       "      <th>SR</th>\n",
       "      <td>-0.013399</td>\n",
       "      <td>-0.100147</td>\n",
       "      <td>-0.118112</td>\n",
       "      <td>-0.240434</td>\n",
       "      <td>-0.177031</td>\n",
       "      <td>0.613528</td>\n",
       "      <td>0.005312</td>\n",
       "      <td>0.064293</td>\n",
       "      <td>-0.112731</td>\n",
       "      <td>-0.020433</td>\n",
       "      <td>-0.471847</td>\n",
       "      <td>0.296512</td>\n",
       "      <td>1.000000</td>\n",
       "      <td>0.463211</td>\n",
       "      <td>0.135850</td>\n",
       "      <td>-0.071723</td>\n",
       "    </tr>\n",
       "    <tr>\n",
       "      <th>TOUT</th>\n",
       "      <td>0.077847</td>\n",
       "      <td>-0.256437</td>\n",
       "      <td>-0.257437</td>\n",
       "      <td>-0.339649</td>\n",
       "      <td>-0.316463</td>\n",
       "      <td>0.454509</td>\n",
       "      <td>0.006087</td>\n",
       "      <td>0.045099</td>\n",
       "      <td>-0.595370</td>\n",
       "      <td>-0.007823</td>\n",
       "      <td>-0.462820</td>\n",
       "      <td>0.143519</td>\n",
       "      <td>0.463211</td>\n",
       "      <td>1.000000</td>\n",
       "      <td>0.346980</td>\n",
       "      <td>-0.324308</td>\n",
       "    </tr>\n",
       "    <tr>\n",
       "      <th>WSR</th>\n",
       "      <td>0.480175</td>\n",
       "      <td>-0.014877</td>\n",
       "      <td>-0.231908</td>\n",
       "      <td>-0.373354</td>\n",
       "      <td>-0.312107</td>\n",
       "      <td>0.300496</td>\n",
       "      <td>-0.019841</td>\n",
       "      <td>-0.241614</td>\n",
       "      <td>-0.115208</td>\n",
       "      <td>-0.010265</td>\n",
       "      <td>-0.312341</td>\n",
       "      <td>0.052371</td>\n",
       "      <td>0.135850</td>\n",
       "      <td>0.346980</td>\n",
       "      <td>1.000000</td>\n",
       "      <td>-0.158293</td>\n",
       "    </tr>\n",
       "    <tr>\n",
       "      <th>WDR</th>\n",
       "      <td>-0.075846</td>\n",
       "      <td>0.153326</td>\n",
       "      <td>0.266942</td>\n",
       "      <td>0.354549</td>\n",
       "      <td>0.330160</td>\n",
       "      <td>-0.205177</td>\n",
       "      <td>0.180654</td>\n",
       "      <td>0.136574</td>\n",
       "      <td>0.152231</td>\n",
       "      <td>0.000906</td>\n",
       "      <td>0.075463</td>\n",
       "      <td>-0.085645</td>\n",
       "      <td>-0.071723</td>\n",
       "      <td>-0.324308</td>\n",
       "      <td>-0.158293</td>\n",
       "      <td>1.000000</td>\n",
       "    </tr>\n",
       "  </tbody>\n",
       "</table>\n",
       "</div>"
      ],
      "text/plain": [
       "           date        CO        NO       NO2       NOX        O3      PM10  \\\n",
       "date   1.000000  0.183862 -0.040204 -0.073711 -0.058522  0.000223  0.028239   \n",
       "CO     0.183862  1.000000  0.472366  0.420951  0.502163 -0.083615  0.315335   \n",
       "NO    -0.040204  0.472366  1.000000  0.585172  0.949906 -0.306059  0.421282   \n",
       "NO2   -0.073711  0.420951  0.585172  1.000000  0.809449 -0.318278  0.493279   \n",
       "NOX   -0.058522  0.502163  0.949906  0.809449  1.000000 -0.346695  0.496905   \n",
       "O3     0.000223 -0.083615 -0.306059 -0.318278 -0.346695  1.000000 -0.068710   \n",
       "PM10   0.028239  0.315335  0.421282  0.493279  0.496905 -0.068710  1.000000   \n",
       "PM2.5 -0.161744  0.229979  0.420634  0.451070  0.478909 -0.045422  0.630802   \n",
       "PRS   -0.024713  0.114462  0.066432  0.125639  0.096521 -0.129791 -0.099364   \n",
       "RAINF -0.037902 -0.032108 -0.011287 -0.016245 -0.014298  0.004513 -0.020684   \n",
       "RH    -0.033343 -0.135142  0.077489 -0.054696  0.034811 -0.600172 -0.223537   \n",
       "SO2    0.031707  0.098324 -0.026867  0.032504 -0.006446  0.362723  0.036466   \n",
       "SR    -0.013399 -0.100147 -0.118112 -0.240434 -0.177031  0.613528  0.005312   \n",
       "TOUT   0.077847 -0.256437 -0.257437 -0.339649 -0.316463  0.454509  0.006087   \n",
       "WSR    0.480175 -0.014877 -0.231908 -0.373354 -0.312107  0.300496 -0.019841   \n",
       "WDR   -0.075846  0.153326  0.266942  0.354549  0.330160 -0.205177  0.180654   \n",
       "\n",
       "          PM2.5       PRS     RAINF        RH       SO2        SR      TOUT  \\\n",
       "date  -0.161744 -0.024713 -0.037902 -0.033343  0.031707 -0.013399  0.077847   \n",
       "CO     0.229979  0.114462 -0.032108 -0.135142  0.098324 -0.100147 -0.256437   \n",
       "NO     0.420634  0.066432 -0.011287  0.077489 -0.026867 -0.118112 -0.257437   \n",
       "NO2    0.451070  0.125639 -0.016245 -0.054696  0.032504 -0.240434 -0.339649   \n",
       "NOX    0.478909  0.096521 -0.014298  0.034811 -0.006446 -0.177031 -0.316463   \n",
       "O3    -0.045422 -0.129791  0.004513 -0.600172  0.362723  0.613528  0.454509   \n",
       "PM10   0.630802 -0.099364 -0.020684 -0.223537  0.036466  0.005312  0.006087   \n",
       "PM2.5  1.000000 -0.184703 -0.007621 -0.051354  0.152441  0.064293  0.045099   \n",
       "PRS   -0.184703  1.000000 -0.009835  0.102815 -0.015225 -0.112731 -0.595370   \n",
       "RAINF -0.007621 -0.009835  1.000000  0.045524 -0.013940 -0.020433 -0.007823   \n",
       "RH    -0.051354  0.102815  0.045524  1.000000 -0.205150 -0.471847 -0.462820   \n",
       "SO2    0.152441 -0.015225 -0.013940 -0.205150  1.000000  0.296512  0.143519   \n",
       "SR     0.064293 -0.112731 -0.020433 -0.471847  0.296512  1.000000  0.463211   \n",
       "TOUT   0.045099 -0.595370 -0.007823 -0.462820  0.143519  0.463211  1.000000   \n",
       "WSR   -0.241614 -0.115208 -0.010265 -0.312341  0.052371  0.135850  0.346980   \n",
       "WDR    0.136574  0.152231  0.000906  0.075463 -0.085645 -0.071723 -0.324308   \n",
       "\n",
       "            WSR       WDR  \n",
       "date   0.480175 -0.075846  \n",
       "CO    -0.014877  0.153326  \n",
       "NO    -0.231908  0.266942  \n",
       "NO2   -0.373354  0.354549  \n",
       "NOX   -0.312107  0.330160  \n",
       "O3     0.300496 -0.205177  \n",
       "PM10  -0.019841  0.180654  \n",
       "PM2.5 -0.241614  0.136574  \n",
       "PRS   -0.115208  0.152231  \n",
       "RAINF -0.010265  0.000906  \n",
       "RH    -0.312341  0.075463  \n",
       "SO2    0.052371 -0.085645  \n",
       "SR     0.135850 -0.071723  \n",
       "TOUT   0.346980 -0.324308  \n",
       "WSR    1.000000 -0.158293  \n",
       "WDR   -0.158293  1.000000  "
      ]
     },
     "execution_count": 91,
     "metadata": {},
     "output_type": "execute_result"
    }
   ],
   "source": [
    "c = df.corr()\n",
    "c\n",
    "# NO NO2 NOX SO2  -> TOUT RH\n",
    "\n",
    "# RH -> O3, SR\t\n",
    "# TOUT -> PRS, RH, O3\n",
    "# N_ -> CO, PM10, PM2.5"
   ]
